 M_A= 5   M_B= 5
 Bell coefficients, M_A lines, M_B columns:
       |  0 -1 -1 -1  0
   --------------------
     0 | -1 -1 -1  1  0
     0 | -1  1  0  0 -1
    -1 | -1  0  1  0  1
    -1 |  1  1  0  1  0
    -1 |  0  0  1  1  0

 Classical limit=  0.

-----------------------------------------------

 Limit with real qubits without degenerate measurements:  0.20854502

 Vector (Schmidt coefficients)  0.75914240  0.65092459

 Matrices of measurement operators of Alice (in Schmidt basis)
   dimensionalities of subspaces: 1 1 1 1 1
 1
 0.5256457-0.4993419
-0.4993419 0.4743543
 2
 0.0055050 0.0739910
 0.0739910 0.9944950
 3
 0.9454409-0.2271175
-0.2271175 0.0545591
 4
 0.6858646 0.4641706
 0.4641706 0.3141354
 5
 0.9766805 0.1509161
 0.1509161 0.0233195

 Matrices of measurement operators of Bob (in Schmidt basis)
   dimensionalities of subspaces: 1 1 1 1 1
 1
 0.5256458 0.4993419
 0.4993419 0.4743542
 2
 0.3141361 0.4641709
 0.4641709 0.6858639
 3
 0.9454412 0.2271170
 0.2271170 0.0545588
 4
 0.9944951 0.0739908
 0.0739908 0.0055049
 5
 0.9766805-0.1509163
-0.1509163 0.0233195

-----------------------------------------------

 Limit with real qubits allowing degenerate measurements:  0.34775907

 Vector (Schmidt coefficients)  0.70710678  0.70710678

 Matrices of measurement operators of Alice (in Schmidt basis)
   dimensionalities of subspaces: 0 1 1 1 1
 1
 0.0000000 0.0000000
 0.0000000 0.0000000
 2
 0.7649605 0.4240235
 0.4240235 0.2350395
 3
 0.6124744-0.4871853
-0.4871853 0.3875256
 4
 0.9871853 0.1124742
 0.1124742 0.0128147
 5
 0.9240233-0.2649608
-0.2649608 0.0759767

 Matrices of measurement operators of Bob (in Schmidt basis)
   dimensionalities of subspaces: 0 1 1 1 1
 1
 0.0000000 0.0000000
 0.0000000 0.0000000
 2
 0.9070586 0.2903503
 0.2903503 0.0929414
 3
 0.7903506-0.4070584
-0.4070584 0.2096494
 4
 0.9931425-0.0825253
-0.0825253 0.0068575
 5
 0.4174754-0.4931427
-0.4931427 0.5825246


-----------------------------------------------

 Limit with complex qubits allowing degenerate measurements:  0.35314628
 Vector (Schmidt coefficients)  0.76055195  0.64927709


 Matrices of measurement operators of Alice (in Schmidt basis)
   dimensionalities of subspaces: 0 1 1 1 1
 1
( 0.0000000, 0.0000000)  ( 0.0000000, 0.0000000)
( 0.0000000, 0.0000000)  ( 0.0000000, 0.0000000)
 2
( 0.4777805, 0.0000000)  ( 0.4446852, 0.2275112)
( 0.4446852,-0.2275112)  ( 0.5222195, 0.0000000)
 3
( 0.0733142, 0.0000000)  (-0.0219548,-0.2597253)
(-0.0219548, 0.2597253)  ( 0.9266858, 0.0000000)
 4
( 0.9266831, 0.0000000)  ( 0.2234795,-0.1341581)
( 0.2234795, 0.1341581)  ( 0.0733169, 0.0000000)
 5
( 0.4999937, 0.0000000)  ( 0.2277410,-0.4451225)
( 0.2277410, 0.4451225)  ( 0.5000063, 0.0000000)

 Matrices of measurement operators of Bob (in Schmidt basis)
   dimensionalities of subspaces: 1 1 1 1 1
 1
( 0.9818193, 0.0000000)  (-0.1189408, 0.0608542)
(-0.1189408,-0.0608542)  ( 0.0181807, 0.0000000)
 2
( 0.7594546, 0.0000000)  ( 0.4233029,-0.0591437)
( 0.4233029, 0.0591437)  ( 0.2405454, 0.0000000)
 3
( 0.2464396, 0.0000000)  ( 0.1207751, 0.4136671)
( 0.1207751,-0.4136671)  ( 0.7535604, 0.0000000)
 4
( 0.7535522, 0.0000000)  ( 0.2648176, 0.3399749)
( 0.2648176,-0.3399749)  ( 0.2464478, 0.0000000)
 5
( 0.2405443, 0.0000000)  (-0.2956348, 0.3086790)
(-0.2956348,-0.3086790)  ( 0.7594557, 0.0000000)

-----------------------------------------------

 Maximum value found with 5-dimensional real spaces:  0.36889958

 Vector (Schmidt coefficients)  0.524361220823  0.511332748834  0.365129407773  0.448558246765  0.359249418796

 Matrices of measurement operators of Alice (in Schmidt basis)
   dimensionalities of subspaces: 1 2 3 3 3
 1
  0.3504696643 -0.3040391851  0.0185859649 -0.3586387736  0.0789534332
 -0.3040391851  0.2637598500 -0.0161236826  0.3111260448 -0.0684936242
  0.0185859649 -0.0161236826  0.0009856433 -0.0190191858  0.0041870264
 -0.3586387736  0.3111260448 -0.0190191858  0.3669982969 -0.0807937614
  0.0789534332 -0.0684936242  0.0041870264 -0.0807937614  0.0177865454
 2
  0.5897404738  0.2855829602  0.0323179759 -0.3644900994  0.1627622071
  0.2855829602  0.1479349627  0.0726754256 -0.1339806833  0.1458082349
  0.0323179759  0.0726754256  0.3390742367  0.2315558974  0.4051648998
 -0.3644900994 -0.1339806833  0.2315558974  0.4128419993  0.1948884122
  0.1627622071  0.1458082349  0.4051648998  0.1948884122  0.5104083275
 3
  0.0229616700 -0.1319507308 -0.0252115141  0.0628847517  0.0208164339
 -0.1319507308  0.7961872110 -0.0453068115 -0.3638589045 -0.1020594490
 -0.0252115141 -0.0453068115  0.9899094236 -0.0822637657 -0.0230890002
  0.0628847517 -0.3638589045 -0.0822637657  0.2505159015 -0.2112878677
  0.0208164339 -0.1020594490 -0.0230890002 -0.2112878677  0.9404257939
 4
  0.5077616558  0.4410992884 -0.0093251830 -0.2010677969  0.1218850132
  0.4410992884  0.6046515248  0.0024804295  0.1835691304 -0.1038060592
 -0.0093251830  0.0024804295  0.5416829611  0.2605387784  0.4246044796
 -0.2010677969  0.1835691304  0.2605387784  0.7653392751 -0.1938781304
  0.1218850132 -0.1038060592  0.4246044796 -0.1938781304  0.5805645832
 5
  0.1560319179  0.2500401346 -0.0674609076 -0.2172309190  0.1320062249
  0.2500401346  0.8516258893  0.1209065201 -0.1354895507 -0.1756797090
 -0.0674609076  0.1209065201  0.8575216527  0.2541020002  0.1960639709
 -0.2172309190 -0.1354895507  0.2541020002  0.4065133001 -0.3333852425
  0.1320062249 -0.1756797090  0.1960639709 -0.3333852425  0.7283072400

 Matrices of measurement operators of Bob (in Schmidt basis)
   dimensionalities of subspaces: 1 2 3 3 3
 1
  0.3500881865  0.3040263595  0.0188513989  0.3585035288 -0.0788306125
  0.3040263595  0.2640249824  0.0163710814  0.3113344779 -0.0684587057
  0.0188513989  0.0163710814  0.0010151021  0.0193045447 -0.0042448371
  0.3585035288  0.3113344779  0.0193045447  0.3671211574 -0.0807255253
 -0.0788306125 -0.0684587057 -0.0042448371 -0.0807255253  0.0177505717
 2
  0.4918676214  0.4411614675  0.0088731451 -0.2009588455  0.1218492255
  0.4411614675  0.3957573833  0.0021230592 -0.1836205529  0.1038702155
  0.0088731451  0.0021230592  0.4552610534  0.2598536188  0.4247249503
 -0.2009588455 -0.1836205529  0.2598536188  0.2346443299  0.1948371118
  0.1218492255  0.1038702155  0.4247249503  0.1948371118  0.4224696120
 3
  0.0228626501  0.1316599284 -0.0251602059 -0.0627495252 -0.0208584194
  0.1316599284  0.7962997831  0.0456745647 -0.3638697660 -0.1019054924
 -0.0251602059  0.0456745647  0.9897373252  0.0830450822  0.0232736936
 -0.0627495252 -0.3638697660  0.0830450822  0.2505120242 -0.2109989449
 -0.0208584194 -0.1019054924  0.0232736936 -0.2109989449  0.9405882175
 4
  0.4100826097  0.2853641481 -0.0329459196 -0.3645712812  0.1627406316
  0.2853641481  0.8523247329  0.0731828304  0.1338405921 -0.1454838645
 -0.0329459196  0.0731828304  0.6580179326  0.2322580189  0.4057651850
 -0.3645712812  0.1338405921  0.2322580189  0.5870771446 -0.1940315963
  0.1627406316 -0.1454838645  0.4057651850 -0.1940315963  0.4924975802
 5
  0.1562083026 -0.2503299323 -0.0669172619  0.2172642790 -0.1321382114
 -0.2503299323  0.8514102790 -0.1203008864 -0.1354185226 -0.1761682753
 -0.0669172619 -0.1203008864  0.8589372416 -0.2529004706 -0.1955893283
  0.2172642790 -0.1354185226 -0.2529004706  0.4065441068 -0.3343133333
 -0.1321382114 -0.1761682753 -0.1955893283 -0.3343133333  0.7269000699

-----------------------------------------------

 Best value,          real 5-dimensional component spaces:  0.36889959

-----------------------------------------------

 Upper limits (value, difference)

 Level 1 +ab            :    0.396083    0.027183
 Level 2                :    0.386415    0.017515
 Level 2 +aab           :    0.370281    0.001381
 Level 2 +  85%(aab+abb):    0.368951    0.000051
 Level 2 +aab+abb       :    0.368900    0.000000
 Limit reached, maximum value is known
