* (A1) <- input 1 (Hyp(1,1,-1))   Positive probability
Cut 1 1 | 1 1 1 | 1 -1 -1 <= 0
Cor 1 1 | 1 1 1 | 0 -1 1 <= 0
* (A2) <- input 1 (Hyp(1,1,-1))   CHSH
Cut 2 2 | 0 1 2 | 0 0 0 0 -1 1 -1 -1 <= 0
Cor 2 2 | 0 1 2 | 0 -1 -1 0 1 -1 1 1 <= 0
* (A3) <- input 2 (Hyp(1,1,1,-1,-1))   I_{3322}
Cut 3 3 | 1 2 2 | 1 1 0 -1 -1 0 -1 -1 1 -1 -1 -1 1 -1 0 <= 0
Cor 3 3 | 1 2 2 | 0 -1 0 -1 -2 0 1 1 -1 1 1 1 -1 1 0 <= 0
* (A4) <- input 2 (Hyp(1,1,1,-1,-1))   I_{3422}^2
Cut 3 4 | 1 3 1 | 1 1 -1 -1 0 0 0 -1 1 -1 0 -1 -1 0 -1 1 0 -1 -1 <= 0
Cor 3 4 | 1 3 1 | 0 -1 -1 -1 0 -1 -1 1 -1 1 0 1 1 0 1 -1 0 1 1 <= 0
* (A5) <- input 8
Cut 4 4 | 1 3 3 | 1 0 1 0 -1 -1 0 0 -1 -1 1 0 -1 1 -1 1 -1 0 -1 -1 0 -1 -1 0 <= 0
Cor 4 4 | 1 3 3 | 0 0 -1 -1 -2 -1 -1 0 1 1 -1 0 1 -1 1 -1 1 0 1 1 0 1 1 0 <= 0
* (A6) <- input 299
Cut 4 4 | 1 4 4 | -2 -1 -1 1 -2 -1 -1 1 1 1 1 -1 1 -1 1 0 1 0 -1 -1 -1 -1 0 -1 <= 0
Cor 4 4 | 1 4 4 | 0 0 -1 -1 0 -1 0 -1 -1 -1 -1 1 -1 1 -1 0 -1 0 1 1 1 1 0 1 <= 0
* (A7) <- input 930   I_{4422}
Cut 4 4 | 1 3 3 | -2 -2 1 0 -2 -2 1 0 1 1 -1 1 1 1 -1 -1 -1 -1 -1 0 1 -1 0 0 <= 0
Cor 4 4 | 1 3 3 | 0 -1 -1 0 0 -1 -1 0 -1 -1 1 -1 -1 -1 1 1 1 1 1 0 -1 1 0 0 <= 0
* (A8) <- input 2 (Hyp(1,1,1,-1,-1))
Cut 4 5 | 0 3 2 | 0 0 0 0 0 0 0 0 0 -1 -1 1 1 0 -1 -1 -1 0 1 -1 -1 0 -1 -1 1 -1 0 0 0 <= 0
Cor 4 5 | 0 3 2 | 0 -1 -2 0 -1 -2 0 0 0 1 1 -1 -1 0 1 1 1 0 -1 1 1 0 1 1 -1 1 0 0 0 <= 0
* (A9) <- input 8
Cut 4 5 | 1 3 3 | 1 0 0 0 -1 1 -1 0 0 -1 0 -1 1 0 -1 1 1 0 -1 0 -1 -1 -1 -1 -1 -1 0 0 0 <= 0
Cor 4 5 | 1 3 3 | 0 0 -2 -1 -2 0 -1 0 -1 1 0 1 -1 0 1 -1 -1 0 1 0 1 1 1 1 1 1 0 0 0 <= 0
* (A10) <- input 8
Cut 4 5 | 1 4 2 | 1 0 1 -1 -1 0 0 0 0 -1 1 -1 0 0 -1 -1 0 1 1 -1 -1 0 -1 0 0 -1 -1 0 -1 <= 0
Cor 4 5 | 1 4 2 | 0 0 -1 -2 -2 -1 -1 0 0 1 -1 1 0 0 1 1 0 -1 -1 1 1 0 1 0 0 1 1 0 1 <= 0
* (A11) <- input 21
Cut 4 5 | 1 4 3 | -1 -1 0 1 -1 -1 -1 0 0 0 1 1 -1 0 1 0 1 0 -1 -1 1 -1 0 -1 -1 -1 0 -1 0 <= 0
Cor 4 5 | 1 4 3 | 0 0 -1 -1 -1 0 0 -1 -1 0 -1 -1 1 0 -1 0 -1 0 1 1 -1 1 0 1 1 1 0 1 0 <= 0
* (A12) <- input 25
Cut 4 5 | 1 3 3 | 1 -1 -1 0 -1 -1 -1 0 0 -1 -1 -1 -1 -1 1 0 1 -1 0 1 1 0 0 -1 0 1 -1 0 0 <= 0
Cor 4 5 | 1 3 3 | -2 0 0 0 0 0 -1 -1 -1 1 1 1 1 1 -1 0 -1 1 0 -1 -1 0 0 1 0 -1 1 0 0 <= 0
* (A13) <- input 38
Cut 4 5 | 1 4 3 | -1 -1 0 1 -1 -1 -1 0 0 -1 1 1 0 0 1 0 1 -1 0 0 1 -1 -1 -1 -1 -1 0 0 -1 <= 0
Cor 4 5 | 1 4 3 | 0 0 -1 -1 -1 0 0 -1 -1 1 -1 -1 0 0 -1 0 -1 1 0 0 -1 1 1 1 1 1 0 0 1 <= 0
* (A14) <- input 88
Cut 4 5 | 1 4 3 | 1 -1 -1 -1 0 -1 -1 0 0 -1 -1 -1 -2 0 1 1 1 -2 0 -1 0 1 0 1 -1 1 0 0 -1 <= 0
Cor 4 5 | 1 4 3 | -2 0 0 -1 -1 0 0 -2 0 1 1 1 2 0 -1 -1 -1 2 0 1 0 -1 0 -1 1 -1 0 0 1 <= 0
* (A15) <- input 134
Cut 4 5 | 1 4 4 | -1 -1 -1 1 -2 -1 -1 0 0 1 -1 1 1 -1 1 0 1 -1 0 1 1 -1 -1 -1 -1 -1 0 -1 0 <= 0
Cor 4 5 | 1 4 4 | 0 0 -1 -1 0 -1 0 -1 -1 -1 1 -1 -1 1 -1 0 -1 1 0 -1 -1 1 1 1 1 1 0 1 0 <= 0
* (A16) <- input 165
Cut 4 5 | 1 4 4 | -2 -1 0 1 -2 -1 -1 0 0 1 1 1 -1 0 1 -1 1 1 -1 1 0 -1 -1 -1 -1 -1 0 -1 0 <= 0
Cor 4 5 | 1 4 4 | 0 0 -1 -1 0 -1 0 -1 -1 -1 -1 -1 1 0 -1 1 -1 -1 1 -1 0 1 1 1 1 1 0 1 0 <= 0
* (A17) <- input 431
Cut 4 5 | 1 4 3 | -2 -2 -1 1 -2 -1 1 0 0 1 0 -1 1 1 1 1 -1 -1 0 1 -1 0 0 -1 -1 -1 -1 0 0 <= 0
Cor 4 5 | 1 4 3 | 0 -1 -1 -1 0 -1 -1 0 0 -1 0 1 -1 -1 -1 -1 1 1 0 -1 1 0 0 1 1 1 1 0 0 <= 0
* (A18) <- input 433
Cut 4 5 | 1 4 3 | -2 -2 -1 1 -2 -1 1 0 0 1 1 -1 1 0 1 1 -1 -1 0 1 -1 0 0 -1 -1 0 -1 0 -1 <= 0
Cor 4 5 | 1 4 3 | 0 -1 -1 -1 0 0 -1 0 -1 -1 -1 1 -1 0 -1 -1 1 1 0 -1 1 0 0 1 1 0 1 0 1 <= 0
* (A19) <- input 869 (Hyp(-2,1,1,1,1,-1))
Cut 4 5 | 1 3 2 | 1 1 1 0 -2 -1 0 0 0 -2 -1 1 1 0 -2 -1 -1 0 1 -2 -1 0 -1 -1 2 -2 0 0 0 <= 0
Cor 4 5 | 1 3 2 | 0 -1 -2 0 -3 -3 0 0 0 2 1 -1 -1 0 2 1 1 0 -1 2 1 0 1 1 -2 2 0 0 0 <= 0
* (A20) <- input 869 (Hyp(-2,1,1,1,1,-1))
Cut 4 5 | 1 3 2 | 2 -1 -1 0 -1 -1 0 0 0 -2 -2 -2 -2 0 1 1 -2 0 1 1 1 0 -2 -1 1 -1 0 0 0 <= 0
Cor 4 5 | 1 3 2 | -3 0 -1 0 0 -1 -2 -2 0 2 2 2 2 0 -1 -1 2 0 -1 -1 -1 0 2 1 -1 1 0 0 0 <= 0
* (A21) <- input 869 (Hyp(-2,1,1,1,1,-1))
Cut 4 5 | 1 3 2 | -2 -2 2 0 -2 -2 0 0 0 1 1 1 -1 0 1 1 -1 0 -1 -1 -1 0 -1 -1 1 -1 0 0 0 <= 0
Cor 4 5 | 1 3 2 | 0 -1 -1 0 0 -1 0 -1 -1 -1 -1 -1 1 0 -1 -1 1 0 1 1 1 0 1 1 -1 1 0 0 0 <= 0
* (A22) <- input 930
Cut 4 5 | 1 3 3 | -2 1 0 0 1 1 -1 0 0 -2 -2 1 -2 1 1 1 -1 -2 0 -1 -1 -1 0 -1 1 -1 0 0 0 <= 0
Cor 4 5 | 1 3 3 | -3 0 -2 0 0 -1 -1 -2 0 2 2 -1 2 -1 -1 -1 1 2 0 1 1 1 0 1 -1 1 0 0 0 <= 0
* (A23) <- input 3
Cut 5 5 | 1 4 4 | 0 1 0 -1 0 -1 1 0 0 0 -1 -1 -1 -1 0 -1 0 0 1 -1 0 1 -1 -1 -1 1 -1 -1 0 0 0 0 1 -1 0 <= 0
Cor 5 5 | 1 4 4 | -2 0 -1 -1 0 -1 0 -1 -1 -1 1 1 1 1 0 1 0 0 -1 1 0 -1 1 1 1 -1 1 1 0 0 0 0 -1 1 0 <= 0
* (A24) <- input 3
Cut 5 5 | 1 4 4 | 0 1 -1 0 0 -1 0 0 1 0 -1 -1 -1 -1 0 -1 1 0 0 -1 0 1 -1 -1 0 1 -1 -1 0 -1 0 0 1 -1 0 <= 0
Cor 5 5 | 1 4 4 | -2 0 -1 -1 0 -1 0 -1 -1 -1 1 1 1 1 0 1 -1 0 0 1 0 -1 1 1 0 -1 1 1 0 1 0 0 -1 1 0 <= 0
* (A25) <- input 4
Cut 5 5 | 1 4 4 | 0 1 1 0 0 -1 0 0 -1 0 -1 -1 -1 0 -1 0 0 1 -1 -1 -1 1 -1 0 0 1 -1 -1 -1 0 0 1 0 -1 0 <= 0
Cor 5 5 | 1 4 4 | -2 0 0 -1 0 -1 0 -1 -2 -1 1 1 1 0 1 0 0 -1 1 1 1 -1 1 0 0 -1 1 1 1 0 0 -1 0 1 0 <= 0
* (A26) <- input 5
Cut 5 5 | 1 4 4 | 0 1 1 0 0 -1 0 -1 0 0 -1 -1 0 1 -1 -1 0 -1 -1 0 -1 1 -1 0 0 0 1 1 -1 -1 0 -1 0 -1 0 <= 0
Cor 5 5 | 1 4 4 | -1 -1 0 0 -1 -2 0 -1 -1 -1 1 1 0 -1 1 1 0 1 1 0 1 -1 1 0 0 0 -1 -1 1 1 0 1 0 1 0 <= 0
* (A27) <- input 6
Cut 5 5 | 1 4 4 | 0 1 1 0 0 -1 0 0 -1 0 -1 -1 0 1 -1 -1 0 1 -1 0 -1 1 -1 0 0 0 1 -1 -1 -1 0 -1 -1 0 0 <= 0
Cor 5 5 | 1 4 4 | -1 0 0 -1 -1 -2 0 -1 -1 -1 1 1 0 -1 1 1 0 -1 1 0 1 -1 1 0 0 0 -1 1 1 1 0 1 1 0 0 <= 0
* (A28) <- input 7
Cut 5 5 | 1 4 4 | 0 1 -1 0 0 0 0 -1 -1 0 -1 0 -1 1 -1 -1 1 0 -1 0 -1 1 1 0 0 0 -1 1 -1 -1 -1 -1 0 0 0 <= 0
Cor 5 5 | 1 4 4 | -1 0 0 -1 -1 -2 0 0 -1 -1 1 0 1 -1 1 1 -1 0 1 0 1 -1 -1 0 0 0 1 -1 1 1 1 1 0 0 0 <= 0
* (A29) <- input 8
Cut 5 5 | 1 2 4 | 0 0 0 0 0 1 -1 -1 -1 0 -1 -1 -1 0 -1 1 0 1 -1 -1 -1 0 0 -1 0 0 1 -1 0 0 0 1 0 -1 0 <= 0
Cor 5 5 | 1 2 4 | -2 0 -1 0 0 0 0 -1 -2 -1 1 1 1 0 1 -1 0 -1 1 1 1 0 0 1 0 0 -1 1 0 0 0 -1 0 1 0 <= 0
* (A30) <- input 8
Cut 5 5 | 1 3 3 | 1 1 0 0 0 -1 0 -1 0 0 -1 0 -1 1 0 -1 1 0 0 -1 0 -1 -1 -1 -1 -1 -1 0 0 0 0 1 -1 0 0 <= 0
Cor 5 5 | 1 3 3 | 0 0 -2 -1 0 -2 0 -2 0 -1 1 0 1 -1 0 1 -1 0 0 1 0 1 1 1 1 1 1 0 0 0 0 -1 1 0 0 <= 0
* (A31) <- input 8
Cut 5 5 | 1 3 3 | 1 0 -1 0 0 0 -1 -1 0 0 -1 0 -1 1 0 -1 0 -1 -1 1 -1 1 0 0 -1 -1 -1 0 0 0 0 1 -1 0 0 <= 0
Cor 5 5 | 1 3 3 | 0 -1 -1 -1 0 -2 0 -2 0 0 1 0 1 -1 0 1 0 1 1 -1 1 -1 0 0 1 1 1 0 0 0 0 -1 1 0 0 <= 0
* (A32) <- input 8
Cut 5 5 | 1 3 3 | 1 0 -1 0 0 -1 1 0 0 0 -1 0 1 -1 0 -1 1 -1 0 1 0 0 -1 -1 -1 -1 -1 0 0 0 0 -1 -1 0 0 <= 0
Cor 5 5 | 1 3 3 | 0 0 -2 -1 -1 -2 0 -1 -1 0 1 0 -1 1 0 1 -1 1 0 -1 0 0 1 1 1 1 1 0 0 0 0 1 1 0 0 <= 0
* (A33) <- input 13
Cut 5 5 | 1 4 4 | 0 1 0 1 0 -1 0 -1 0 0 -1 -1 1 -1 0 -1 -1 -1 0 0 -1 1 0 -1 1 -1 1 -1 -1 -1 1 0 0 -1 0 <= 0
Cor 5 5 | 1 4 4 | -1 -1 0 -1 0 -2 0 -1 -2 0 1 1 -1 1 0 1 1 1 0 0 1 -1 0 1 -1 1 -1 1 1 1 -1 0 0 1 0 <= 0
* (A34) <- input 13
Cut 5 5 | 1 4 4 | 0 0 1 1 0 -1 1 -1 -1 0 -1 -1 1 -1 0 -1 -1 -1 0 1 -1 1 0 -1 0 -1 0 -1 0 -1 1 0 0 -1 0 <= 0
Cor 5 5 | 1 4 4 | -1 -1 0 -1 0 -2 0 -1 -2 0 1 1 -1 1 0 1 1 1 0 -1 1 -1 0 1 0 1 0 1 0 1 -1 0 0 1 0 <= 0
* (A35) <- input 21
Cut 5 5 | 1 3 4 | 1 -1 0 0 0 -1 -1 0 0 0 -1 -1 -1 -1 -1 0 1 1 0 -1 -1 1 -1 -1 0 1 0 0 -1 0 0 0 1 -1 0 <= 0
Cor 5 5 | 1 3 4 | -2 0 -1 0 0 -1 0 0 -2 -1 1 1 1 1 1 0 -1 -1 0 1 1 -1 1 1 0 -1 0 0 1 0 0 0 -1 1 0 <= 0
* (A36) <- input 21
Cut 5 5 | 1 3 4 | -1 0 1 0 0 -1 -1 -1 -1 0 0 1 1 0 -1 -1 1 -1 -1 0 -1 -1 0 0 -1 1 0 0 -1 0 0 0 1 -1 0 <= 0
Cor 5 5 | 1 3 4 | 0 -1 -1 0 0 -1 0 0 -2 -1 0 -1 -1 0 1 1 -1 1 1 0 1 1 0 0 1 -1 0 0 1 0 0 0 -1 1 0 <= 0
* (A37) <- input 21
Cut 5 5 | 1 3 4 | -1 0 1 0 0 -1 -1 -1 -1 0 1 0 1 0 -1 -1 1 -1 0 -1 -1 -1 0 -1 0 0 1 0 -1 0 0 0 1 -1 0 <= 0
Cor 5 5 | 1 3 4 | 0 -1 -1 0 0 -1 0 0 -2 -1 -1 0 -1 0 1 1 -1 1 0 1 1 1 0 1 0 0 -1 0 1 0 0 0 -1 1 0 <= 0
* (A38) <- input 21
Cut 5 5 | 1 3 4 | -1 0 1 0 0 -1 -1 -1 -1 0 0 0 1 1 -1 -1 1 0 -1 -1 -1 -1 -1 0 0 1 0 0 -1 0 0 1 -1 0 0 <= 0
Cor 5 5 | 1 3 4 | 0 -1 -1 0 0 -1 0 -1 -1 -1 0 0 -1 -1 1 1 -1 0 1 1 1 1 1 0 0 -1 0 0 1 0 0 -1 1 0 0 <= 0
* (A39) <- input 21
Cut 5 5 | 1 3 4 | -1 0 -1 0 0 1 0 1 0 0 -1 -1 -1 1 -1 0 1 1 -1 -1 -1 1 -1 0 0 -1 0 0 -1 0 0 -1 0 -1 0 <= 0
Cor 5 5 | 1 3 4 | -2 0 -1 -1 -1 -1 0 0 -1 -1 1 1 1 -1 1 0 -1 -1 1 1 1 -1 1 0 0 1 0 0 1 0 0 1 0 1 0 <= 0
* (A40) <- input 21
Cut 5 5 | 1 3 4 | -1 0 -1 0 0 0 0 1 -1 0 -1 -1 -1 1 -1 1 1 0 -1 -1 1 -1 -1 0 0 -1 0 0 -1 0 0 1 -1 0 0 <= 0
Cor 5 5 | 1 3 4 | -2 0 -1 -1 0 0 0 -1 -1 -1 1 1 1 -1 1 -1 -1 0 1 1 -1 1 1 0 0 1 0 0 1 0 0 -1 1 0 0 <= 0
* (A41) <- input 25
Cut 5 5 | 1 2 4 | 1 -1 0 0 0 -1 -1 -1 -1 0 -1 -1 -1 -1 -1 1 1 0 0 -1 1 0 0 -1 0 0 1 -1 0 0 0 0 1 -1 0 <= 0
Cor 5 5 | 1 2 4 | -2 0 0 0 0 0 0 -1 -2 -1 1 1 1 1 1 -1 -1 0 0 1 -1 0 0 1 0 0 -1 1 0 0 0 0 -1 1 0 <= 0
* (A42) <- input 25
Cut 5 5 | 1 2 4 | -1 -1 0 0 0 1 1 0 0 0 -1 -1 -1 -1 1 -1 -1 -1 -1 -1 1 0 0 -1 0 0 1 -1 0 0 0 0 1 -1 0 <= 0
Cor 5 5 | 1 2 4 | -2 -3 0 0 0 0 0 -1 -2 0 1 1 1 1 -1 1 1 1 1 1 -1 0 0 1 0 0 -1 1 0 0 0 0 -1 1 0 <= 0
* (A43) <- input 25
Cut 5 5 | 1 3 3 | 1 0 -1 0 0 -1 1 0 0 0 -1 0 1 -1 0 -1 1 1 0 -1 1 -1 -1 -1 -1 -1 -1 0 0 0 -1 0 -1 0 0 <= 0
Cor 5 5 | 1 3 3 | 0 0 -2 -1 -1 -2 0 0 -1 -1 1 0 -1 1 0 1 -1 -1 0 1 -1 1 1 1 1 1 1 0 0 0 1 0 1 0 0 <= 0
* (A44) <- input 29
Cut 5 5 | 1 3 4 | -1 0 1 0 0 -1 -1 -1 -1 0 -1 1 1 1 -1 1 -1 0 -1 -1 -1 0 -1 -1 0 0 1 0 -1 0 0 0 1 -1 0 <= 0
Cor 5 5 | 1 3 4 | 0 -1 -1 0 0 -1 0 0 -2 -1 1 -1 -1 -1 1 -1 1 0 1 1 1 0 1 1 0 0 -1 0 1 0 0 0 -1 1 0 <= 0
* (A45) <- input 38
Cut 5 5 | 1 3 4 | 1 0 -1 0 0 -1 -1 0 0 0 -1 -1 -1 -1 -1 -1 1 1 0 -1 0 1 -1 -1 0 1 0 0 -1 0 0 0 1 -1 0 <= 0
Cor 5 5 | 1 3 4 | -2 0 -1 0 0 -1 0 0 -2 -1 1 1 1 1 1 1 -1 -1 0 1 0 -1 1 1 0 -1 0 0 1 0 0 0 -1 1 0 <= 0
* (A46) <- input 38
Cut 5 5 | 1 3 4 | -1 0 1 0 0 -1 -1 -1 -1 0 -1 1 1 0 0 0 1 -1 -1 -1 -1 -1 0 0 -1 1 0 0 -1 0 0 0 1 -1 0 <= 0
Cor 5 5 | 1 3 4 | 0 -1 -1 0 0 -1 0 0 -2 -1 1 -1 -1 0 0 0 -1 1 1 1 1 1 0 0 1 -1 0 0 1 0 0 0 -1 1 0 <= 0
* (A47) <- input 38
Cut 5 5 | 1 3 4 | -1 -1 0 0 0 1 1 0 0 0 -1 -1 -1 1 -1 0 0 1 -1 -1 1 -1 -1 -1 0 -1 0 0 -1 0 0 1 -1 0 0 <= 0
Cor 5 5 | 1 3 4 | -2 -1 -1 -1 0 0 0 -1 -1 -1 1 1 1 -1 1 0 0 -1 1 1 -1 1 1 1 0 1 0 0 1 0 0 -1 1 0 0 <= 0
* (A48) <- input 38
Cut 5 5 | 1 3 4 | -1 -1 0 0 0 -1 -1 -1 1 0 0 0 1 -1 -1 1 1 0 0 -1 1 -1 -1 -1 0 -1 0 0 -1 0 0 1 -1 0 0 <= 0
Cor 5 5 | 1 3 4 | -1 0 -1 -1 0 0 0 -1 -1 -1 0 0 -1 1 1 -1 -1 0 0 1 -1 1 1 1 0 1 0 0 1 0 0 -1 1 0 0 <= 0
* (A49) <- input 70
Cut 5 5 | 1 4 4 | -1 -1 1 1 0 -1 -1 -1 -1 0 -1 0 1 1 0 0 1 1 0 -1 -1 -1 0 -1 0 -1 0 -1 0 -1 0 1 0 -1 0 <= 0
Cor 5 5 | 1 4 4 | 0 0 -1 -1 0 -2 0 0 -1 -1 1 0 -1 -1 0 0 -1 -1 0 1 1 1 0 1 0 1 0 1 0 1 0 -1 0 1 0 <= 0
* (A50) <- input 73
Cut 5 5 | 1 4 4 | -1 -1 1 1 0 -1 -1 -1 -1 0 -1 1 1 1 -1 1 1 -1 0 0 -1 0 -1 -1 0 0 -1 -1 0 -1 0 0 1 -1 0 <= 0
Cor 5 5 | 1 4 4 | 0 0 -1 -1 0 -1 0 -1 -1 -1 1 -1 -1 -1 1 -1 -1 1 0 0 1 0 1 1 0 0 1 1 0 1 0 0 -1 1 0 <= 0
* (A51) <- input 82
Cut 5 5 | 1 3 4 | -1 -1 -1 0 0 1 -1 0 1 0 -1 1 -1 0 0 -1 1 1 -1 1 -1 1 1 -1 -1 -2 -2 0 0 0 0 0 -1 -1 0 <= 0
Cor 5 5 | 1 3 4 | -1 0 -1 -2 -1 -2 0 0 -1 0 1 -1 1 0 0 1 -1 -1 1 -1 1 -1 -1 1 1 2 2 0 0 0 0 0 1 1 0 <= 0
* (A52) <- input 88
Cut 5 5 | 1 3 4 | 1 -1 -1 0 0 0 -1 -1 -1 0 -1 -1 -1 0 -2 1 1 1 0 -2 -1 1 0 1 0 -1 0 0 -1 0 0 0 1 -1 0 <= 0
Cor 5 5 | 1 3 4 | -2 0 0 -1 0 -1 0 0 -1 -2 1 1 1 0 2 -1 -1 -1 0 2 1 -1 0 -1 0 1 0 0 1 0 0 0 -1 1 0 <= 0
* (A53) <- input 88
Cut 5 5 | 1 3 4 | 0 0 1 0 0 -1 1 0 -1 0 -1 -1 -1 1 -2 1 1 1 -1 -2 -1 0 1 -1 0 0 -1 0 -1 0 0 0 -1 -1 0 <= 0
Cor 5 5 | 1 3 4 | -2 0 0 -1 -1 -1 0 0 -2 -2 1 1 1 -1 2 -1 -1 -1 1 2 1 0 -1 1 0 0 1 0 1 0 0 0 1 1 0 <= 0
* (A54) <- input 88
Cut 5 5 | 1 3 4 | 0 0 -1 0 0 -1 1 1 0 0 -1 1 -1 -1 0 -1 1 0 1 -1 1 -1 -1 -1 -1 -2 -2 0 0 0 0 0 1 -1 0 <= 0
Cor 5 5 | 1 3 4 | -1 0 -2 -2 0 -2 0 0 -1 -1 1 -1 1 1 0 1 -1 0 -1 1 -1 1 1 1 1 2 2 0 0 0 0 0 -1 1 0 <= 0
* (A55) <- input 88
Cut 5 5 | 1 3 4 | -2 0 0 0 0 1 1 1 -1 0 -1 -1 -1 1 0 -1 0 1 -1 1 -1 1 0 -1 -1 0 -1 0 -1 0 0 0 -1 -1 0 <= 0
Cor 5 5 | 1 3 4 | -2 0 -1 -1 -1 -1 0 0 -2 0 1 1 1 -1 0 1 0 -1 1 -1 1 -1 0 1 1 0 1 0 1 0 0 0 1 1 0 <= 0
* (A56) <- input 89
Cut 5 5 | 1 4 4 | 0 0 1 -1 0 -1 1 0 0 0 -1 -1 -1 1 -2 1 1 1 -1 -2 -1 0 1 -1 0 0 -1 1 -1 0 0 0 -2 -2 0 <= 0
Cor 5 5 | 1 4 4 | -2 0 0 -1 -2 -1 0 0 -2 -2 1 1 1 -1 2 -1 -1 -1 1 2 1 0 -1 1 0 0 1 -1 1 0 0 0 2 2 0 <= 0
* (A57) <- input 91
Cut 5 5 | 1 4 4 | 1 -1 0 -1 0 0 -1 -1 1 0 -1 -1 -1 0 -2 1 1 1 0 -2 -1 -1 1 1 0 -1 1 0 -1 0 0 -1 0 -1 0 <= 0
Cor 5 5 | 1 4 4 | -2 0 0 -1 -1 -1 -1 0 0 -2 1 1 1 0 2 -1 -1 -1 0 2 1 1 -1 -1 0 1 -1 0 1 0 0 1 0 1 0 <= 0
* (A58) <- input 105
Cut 5 5 | 1 4 4 | 1 -1 1 0 0 -1 -1 1 0 0 -2 -1 0 1 1 -1 2 -1 -1 0 -1 0 1 -1 0 -1 -1 -1 0 -1 0 -1 0 -1 0 <= 0
Cor 5 5 | 1 4 4 | 0 -1 0 -2 -1 -3 -1 0 -1 0 2 1 0 -1 -1 1 -2 1 1 0 1 0 -1 1 0 1 1 1 0 1 0 1 0 1 0 <= 0
* (A59) <- input 256
Cut 5 5 | 1 4 4 | -2 -1 -1 1 0 -2 -1 -1 -1 0 1 0 1 1 -1 1 0 1 -1 0 1 1 -1 0 0 -1 1 -1 -1 -1 0 -1 -1 0 0 <= 0
Cor 5 5 | 1 4 4 | 0 0 0 -1 -1 0 0 -1 -1 -1 -1 0 -1 -1 1 -1 0 -1 1 0 -1 -1 1 0 0 1 -1 1 1 1 0 1 1 0 0 <= 0
* (A60) <- input 286
Cut 5 5 | 1 4 4 | -2 -1 -1 1 0 -2 -1 -1 1 0 1 0 1 -1 1 0 1 -1 -1 0 1 -1 0 0 -1 -1 -1 0 -1 0 1 0 -1 0 0 <= 0
Cor 5 5 | 1 4 4 | 0 -1 -1 -1 0 0 -1 -1 -1 0 -1 0 -1 1 -1 0 -1 1 1 0 -1 1 0 0 1 1 1 0 1 0 -1 0 1 0 0 <= 0
* (A61) <- input 292
Cut 5 5 | 1 4 4 | -2 -1 -1 1 0 -2 -1 -1 1 0 1 0 1 -1 1 1 1 -1 0 0 1 -1 0 0 -1 -1 0 -1 -1 0 0 -1 0 -1 0 <= 0
Cor 5 5 | 1 4 4 | 0 0 -1 -1 -1 0 -1 -1 -1 0 -1 0 -1 1 -1 -1 -1 1 0 0 -1 1 0 0 1 1 0 1 1 0 0 1 0 1 0 <= 0
* (A62) <- input 293
Cut 5 5 | 1 4 4 | -2 -1 -1 1 0 -2 -1 -1 1 0 1 0 1 -1 1 1 1 -1 0 0 1 -1 0 0 -1 -1 -1 0 -1 0 0 0 -1 -1 0 <= 0
Cor 5 5 | 1 4 4 | 0 0 -1 -1 -1 0 -1 -1 -1 0 -1 0 -1 1 -1 -1 -1 1 0 0 -1 1 0 0 1 1 1 0 1 0 0 0 1 1 0 <= 0
* (A63) <- input 296
Cut 5 5 | 1 4 4 | -2 -1 -1 1 0 -2 -1 -1 1 0 1 1 1 -1 0 1 -1 0 -1 0 1 0 0 1 -1 -1 -1 1 -1 -1 0 0 -1 -1 0 <= 0
Cor 5 5 | 1 4 4 | 0 -1 0 -1 -1 0 -1 0 -1 -1 -1 -1 -1 1 0 -1 1 0 1 0 -1 0 0 -1 1 1 1 -1 1 1 0 0 1 1 0 <= 0
* (A64) <- input 297
Cut 5 5 | 1 4 4 | -2 -1 -1 1 0 -2 -1 -1 1 0 1 1 0 -1 1 0 0 -1 -1 -1 1 -1 1 0 0 -1 -1 0 -1 0 1 0 -1 0 0 <= 0
Cor 5 5 | 1 4 4 | 0 -2 0 -1 0 0 -1 -1 -1 0 -1 -1 0 1 -1 0 0 1 1 1 -1 1 -1 0 0 1 1 0 1 0 -1 0 1 0 0 <= 0
* (A65) <- input 297
Cut 5 5 | 1 4 4 | -2 -1 -1 1 0 -2 -1 -1 1 0 1 1 1 -1 0 1 -1 0 0 1 1 0 -1 0 -1 -1 -1 0 -1 0 0 0 -1 -1 0 <= 0
Cor 5 5 | 1 4 4 | 0 0 -1 -1 -1 0 -1 -1 -1 0 -1 -1 -1 1 0 -1 1 0 0 -1 -1 0 1 0 1 1 1 0 1 0 0 0 1 1 0 <= 0
* (A66) <- input 401
Cut 5 5 | 1 4 4 | -2 -1 -1 1 0 -2 -2 0 1 0 1 1 -1 -1 0 0 1 1 -1 0 1 0 1 0 -1 -1 -1 -1 -1 -1 1 -1 0 0 0 <= 0
Cor 5 5 | 1 4 4 | -1 0 0 -2 0 0 -1 0 -1 -1 -1 -1 1 1 0 0 -1 -1 1 0 -1 0 -1 0 1 1 1 1 1 1 -1 1 0 0 0 <= 0
* (A67) <- input 431
Cut 5 5 | 1 3 4 | -2 -2 1 0 0 -2 -1 -1 1 0 1 0 1 -1 1 1 1 0 -1 -1 -1 -1 0 -1 0 1 0 -1 0 0 0 -1 -1 0 0 <= 0
Cor 5 5 | 1 3 4 | 0 -1 -1 0 -1 0 -1 -1 -1 0 -1 0 -1 1 -1 -1 -1 0 1 1 1 1 0 1 0 -1 0 1 0 0 0 1 1 0 0 <= 0
* (A68) <- input 433
Cut 5 5 | 1 3 4 | -2 -2 1 0 0 -2 -1 -1 1 0 1 0 1 -1 1 1 0 1 -1 -1 -1 -1 0 -1 0 1 -1 0 0 0 0 -1 -1 0 0 <= 0
Cor 5 5 | 1 3 4 | 0 -1 -1 0 -1 0 -2 0 -1 0 -1 0 -1 1 -1 -1 0 -1 1 1 1 1 0 1 0 -1 1 0 0 0 0 1 1 0 0 <= 0
* (A69) <- input 434
Cut 5 5 | 1 3 4 | -2 -1 1 0 0 -2 -2 -1 1 0 1 1 1 -1 0 1 1 -1 1 -1 -1 -1 1 -1 -1 1 -1 0 0 0 0 0 -2 -2 0 <= 0
Cor 5 5 | 1 3 4 | 0 0 -1 0 -2 0 -1 -1 -1 -1 -1 -1 -1 1 0 -1 -1 1 -1 1 1 1 -1 1 1 -1 1 0 0 0 0 0 2 2 0 <= 0
* (A70) <- input 449
Cut 5 5 | 1 4 4 | -2 -1 0 1 0 -2 -2 -1 1 0 1 1 1 -1 0 1 1 -1 -1 -1 -1 -1 1 0 -1 -1 -1 0 -1 0 2 -2 0 0 0 <= 0
Cor 5 5 | 1 4 4 | 0 -1 -1 -1 0 0 -2 0 -1 -1 -1 -1 -1 1 0 -1 -1 1 1 1 1 1 -1 0 1 1 1 0 1 0 -2 2 0 0 0 <= 0
* (A71) <- input 652
Cut 5 5 | 1 4 4 | -2 -1 -1 1 0 -2 -2 -1 0 0 1 1 1 -1 0 0 0 1 1 -1 1 1 -1 -1 -1 -1 -1 0 -1 0 1 -1 0 0 0 <= 0
Cor 5 5 | 1 4 4 | 0 0 -1 -1 0 0 -1 0 -1 -1 -1 -1 -1 1 0 0 0 -1 -1 1 -1 -1 1 1 1 1 1 0 1 0 -1 1 0 0 0 <= 0
* (A72) <- input 723
Cut 5 5 | 1 4 4 | 1 1 2 -1 0 -2 0 -1 0 0 -2 -1 1 1 0 -2 1 -1 -1 2 -2 0 -1 -1 -2 0 -1 1 -1 0 0 -1 -1 0 0 <= 0
Cor 5 5 | 1 4 4 | 0 0 -2 -1 -1 -4 -1 -1 -1 0 2 1 -1 -1 0 2 -1 1 1 -2 2 0 1 1 2 0 1 -1 1 0 0 1 1 0 0 <= 0
* (A73) <- input 723
Cut 5 5 | 1 4 4 | 1 -1 -1 1 0 0 -1 -1 0 0 -2 1 -1 1 0 -2 1 1 -1 2 -2 2 0 -1 -2 0 -1 -1 -1 0 -2 -2 0 0 0 <= 0
Cor 5 5 | 1 4 4 | 0 0 -2 -1 -2 -4 0 -1 -1 0 2 -1 1 -1 0 2 -1 -1 1 -2 2 -2 0 1 2 0 1 1 1 0 2 2 0 0 0 <= 0
* (A74) <- input 724
Cut 5 5 | 1 4 4 | 1 1 2 1 0 -2 -1 -1 -1 0 -2 -1 1 1 0 -2 1 -1 -1 2 -2 0 -1 -1 -2 0 -1 -1 -1 0 0 0 1 -1 0 <= 0
Cor 5 5 | 1 4 4 | 0 0 -2 -1 0 -4 -1 -1 -2 0 2 1 -1 -1 0 2 -1 1 1 -2 2 0 1 1 2 0 1 1 1 0 0 0 -1 1 0 <= 0
* (A75) <- input 758
Cut 5 5 | 1 4 4 | 1 2 1 -1 0 -2 0 -1 0 0 -2 1 1 -1 0 -2 1 -1 1 -1 0 -1 -1 -1 0 0 1 0 -1 -1 -2 -2 0 0 0 <= 0
Cor 5 5 | 1 4 4 | 0 0 -1 -1 -2 -4 0 -1 -1 -1 2 -1 -1 1 0 2 -1 1 -1 1 0 1 1 1 0 0 -1 0 1 1 2 2 0 0 0 <= 0
* (A76) <- input 758
Cut 5 5 | 1 4 4 | -2 -2 0 0 0 -2 -2 0 0 0 1 1 1 -1 0 1 2 -1 1 -1 -1 1 -1 -1 0 1 -1 0 -1 -1 0 -1 -1 0 0 <= 0
Cor 5 5 | 1 4 4 | 0 0 -1 -1 -1 0 0 -1 -1 -1 -1 -1 -1 1 0 -1 -2 1 -1 1 1 -1 1 1 0 -1 1 0 1 1 0 1 1 0 0 <= 0
* (A77) <- input 762
Cut 5 5 | 1 4 4 | 1 2 -1 1 0 -2 1 -1 -1 0 -2 1 -1 1 0 -2 2 0 -1 -1 0 -1 1 0 -1 0 -1 -1 -1 0 -2 -2 0 0 0 <= 0
Cor 5 5 | 1 4 4 | 0 0 -1 -1 -2 -4 0 -1 -1 -1 2 -1 1 -1 0 2 -2 0 1 1 0 1 -1 0 1 0 1 1 1 0 2 2 0 0 0 <= 0
* (A78) <- input 891
Cut 5 5 | 1 4 4 | 1 2 -1 0 0 -2 1 0 -1 0 -2 1 -1 1 0 -2 1 1 -2 -2 1 0 -1 1 -2 1 -1 -1 -1 0 -2 -2 0 0 0 <= 0
Cor 5 5 | 1 4 4 | 0 -1 -1 -1 -2 -3 0 -1 -1 -2 2 -1 1 -1 0 2 -1 -1 2 2 -1 0 1 -1 2 -1 1 1 1 0 2 2 0 0 0 <= 0
* (A79) <- input 930
Cut 5 5 | 1 3 3 | 1 1 0 0 0 -2 1 -1 0 0 -2 1 -1 1 0 -2 1 0 -1 -1 1 -1 -1 0 -1 -2 -2 0 0 0 1 0 -1 0 0 <= 0
Cor 5 5 | 1 3 3 | 0 -1 -1 -2 0 -3 0 -2 0 -1 2 -1 1 -1 0 2 -1 0 1 1 -1 1 1 0 1 2 2 0 0 0 -1 0 1 0 0 <= 0
* (A80) <- input 930
Cut 5 5 | 1 3 3 | -2 -2 1 0 0 -2 -2 1 0 0 1 1 -1 1 0 1 1 0 -1 -1 0 -1 -1 0 -1 1 -1 0 0 0 -1 0 -1 0 0 <= 0
Cor 5 5 | 1 3 3 | 0 -1 -1 0 -1 0 -1 -1 0 -1 -1 -1 1 -1 0 -1 -1 0 1 1 0 1 1 0 1 -1 1 0 0 0 1 0 1 0 0 <= 0
* (A81) <- input 938
Cut 5 5 | 1 3 4 | -2 1 1 0 0 1 1 -1 -1 0 -2 -2 1 1 -2 1 1 0 -1 -2 -1 0 -1 -1 0 1 -1 0 0 0 0 -1 -1 0 0 <= 0
Cor 5 5 | 1 3 4 | -3 0 -1 0 -1 0 -1 -1 -1 -2 2 2 -1 -1 2 -1 -1 0 1 2 1 0 1 1 0 -1 1 0 0 0 0 1 1 0 0 <= 0
* (A82) <- input 1117
Cut 5 5 | 1 3 4 | -2 -2 1 0 0 -2 -2 -1 0 0 1 1 0 1 -1 1 1 1 -1 0 -1 -1 1 -1 -1 1 -1 0 0 0 0 0 -1 -1 0 <= 0
Cor 5 5 | 1 3 4 | 0 0 -1 0 -1 0 -1 0 -1 -1 -1 -1 0 -1 1 -1 -1 -1 1 0 1 1 -1 1 1 -1 1 0 0 0 0 0 1 1 0 <= 0
* (A83) <- input 1153
Cut 5 5 | 1 4 4 | 1 2 0 0 0 -2 1 -1 -1 0 -2 1 -1 1 0 -2 1 0 -2 1 -1 0 1 -1 -1 1 -1 -1 -1 0 -2 -2 0 0 0 <= 0
Cor 5 5 | 1 4 4 | 0 0 -1 -1 -2 -4 0 -1 -2 0 2 -1 1 -1 0 2 -1 0 2 -1 1 0 -1 1 1 -1 1 1 1 0 2 2 0 0 0 <= 0
* (A84) <- input 1153
Cut 5 5 | 1 4 4 | 0 2 1 0 0 -2 1 0 -2 0 -2 1 -1 1 1 -2 1 -1 -1 -1 -1 0 1 -1 0 1 -1 -1 -1 0 -2 -2 0 0 0 <= 0
Cor 5 5 | 1 4 4 | 0 -1 0 -1 -2 -4 0 -1 -2 0 2 -1 1 -1 -1 2 -1 1 1 1 1 0 -1 1 0 -1 1 1 1 0 2 2 0 0 0 <= 0
* (A85) <- input 3752
Cut 5 5 | 1 4 4 | 1 1 1 -2 0 -3 1 -1 0 0 -2 1 0 1 -1 -2 1 1 -1 0 -1 0 -1 -1 0 2 -1 1 -1 -1 -2 -2 0 0 0 <= 0
Cor 5 5 | 1 4 4 | 0 0 -1 -1 -2 -4 0 0 -1 -1 2 -1 0 -1 1 2 -1 -1 1 0 1 0 1 1 0 -2 1 -1 1 1 2 2 0 0 0 <= 0
* (A86) <- input 5729
Cut 5 5 | 1 4 4 | 1 0 1 0 0 -2 1 -1 0 0 -2 1 -1 1 0 -2 1 1 -1 1 -2 1 0 -1 -1 1 -1 -1 -1 0 -3 -3 0 0 0 <= 0
Cor 5 5 | 1 4 4 | 0 0 -1 -1 -3 -5 0 -1 -1 0 2 -1 1 -1 0 2 -1 -1 1 -1 2 -1 0 1 1 -1 1 1 1 0 3 3 0 0 0 <= 0
* (A87) <- input 10510
Cut 5 5 | 1 3 4 | -3 1 0 0 0 1 1 1 -1 0 -2 -2 -2 2 -3 1 1 1 -1 -3 1 -1 -1 -1 0 -1 0 0 -1 0 0 1 -1 0 0 <= 0
Cor 5 5 | 1 3 4 | -5 0 -1 -1 0 0 0 -1 -1 -3 2 2 2 -2 3 -1 -1 -1 1 3 -1 1 1 1 0 1 0 0 1 0 0 -1 1 0 0 <= 0
* (A88) <- input 10510
Cut 5 5 | 1 3 4 | -3 -3 0 0 0 -2 -2 -2 2 0 1 1 1 -1 1 1 1 1 -1 -1 1 -1 -1 -1 0 -1 0 0 -1 0 0 1 -1 0 0 <= 0
Cor 5 5 | 1 3 4 | 0 -1 -1 -1 0 0 0 -1 -1 0 -1 -1 -1 1 -1 -1 -1 -1 1 1 -1 1 1 1 0 1 0 0 1 0 0 -1 1 0 0 <= 0
* (A89) <- input 18181   I_{5522}
Cut 5 5 | 1 4 4 | -3 -3 -1 2 0 -3 -3 -2 1 0 1 1 1 -1 1 1 1 1 -1 -1 1 1 -1 0 0 -1 -1 -1 -1 0 1 -1 0 0 0 <= 0
Cor 5 5 | 1 4 4 | 0 -1 0 -1 0 0 -1 -1 -1 0 -1 -1 -1 1 -1 -1 -1 -1 1 1 -1 -1 1 0 0 1 1 1 1 0 -1 1 0 0 0 <= 0
